talem

关注X
3005,3158,3118,3119,3161,4644,3121,3174,4652

访问
3113,3116,3124,3156,3159,3160,3120,3162,3163,3164,3165,3166,3167,4636,3168,4637,3169,4638,3170,4639,3171,4640,3172,4641,4642,4643,4645,3157,3152,3154



NFT


DC


高级NFT
3048,3049,3898,4624,4625,4626

手动完成，持有某某币,
3154,3122,3007,3008,4684,4675,4676,4677,4678,



不做
3175,3176,3123,4630,4680,4685,3085,2997,


不能做
4629,4631,4632,4633,4634,4635,


Only domains purchased on https://monad.alldomains.id/ are considered valid

Deposit at least 1 MON on Folks Financ

以前的
 2734,2906,2923,2927,2956,2816,2957,2907,2817
            2917
            2931
            2837,2912
            2815
            2964
            2862


https://app.atlantisdex.xyz/swap/v4/

....

柠檬签到
https://gmonad.lumiterra.net/lumonad

NFT
https://www.llamao.xyz/portal